HEDERA_ACCOUNT_ID=0.0.5915104
HEDERA_PRIVATE_KEY=3030020100300706052b8104000a04220420b6eed8d8fa7af3dea82fe4e2e4292513ecc96603e08a8bcebd9fd35a937ce635
TOPIC_ID=0.0.6150657
CONTRACT_ADDRESS=0x5FbDB2315678afecb367f032d93F642f64180aa3